 182.25266
