Feature 155
Feature 003
Feature 214
Feature 014
Feature 112
Feature 022
Feature 005
Feature 185
Feature 133
Feature 140
Feature 012
Feature 053
Feature 213
