Feature 141
Feature 213
Feature 168
Feature 060
Feature 195
Feature 132
Feature 114
Feature 212
Feature 042
Feature 198
Feature 140
Feature 194
Feature 130
