Feature 048
Feature 146
Feature 003
Feature 174
Feature 056
Feature 002
Feature 183
Feature 012
Feature 210
Feature 129
Feature 057
Feature 102
Feature 138
